Running 30s test @ http://localhost:8080
  1 threads and 1 connections
  Thread calibration: mean lat.: 0.679ms, rate sampling interval: 10ms
  Thread Stats   Avg      Stdev     Max   +/- Stdev
    Latency   680.53us  314.47us   6.04ms   61.77%
    Req/Sec   208.64     27.33   300.00     92.70%
  Latency Distribution (HdrHistogram - Recorded Latency)
 50.000%  690.00us
 75.000%    0.93ms
 90.000%    1.08ms
 99.000%    1.19ms
 99.900%    1.28ms
 99.990%    6.05ms
 99.999%    6.05ms
100.000%    6.05ms

  Detailed Percentile spectrum:
       Value   Percentile   TotalCount 1/(1-Percentile)

       0.115     0.000000            1         1.00
       0.280     0.100000          400         1.11
       0.367     0.200000          801         1.25
       0.478     0.300000         1203         1.43
       0.569     0.400000         1600         1.67
       0.690     0.500000         2003         2.00
       0.731     0.550000         2204         2.22
       0.773     0.600000         2401         2.50
       0.830     0.650000         2600         2.86
       0.885     0.700000         2802         3.33
       0.930     0.750000         3001         4.00
       0.953     0.775000         3103         4.44
       0.978     0.800000         3203         5.00
       1.006     0.825000         3303         5.71
       1.029     0.850000         3401         6.67
       1.056     0.875000         3500         8.00
       1.072     0.887500         3550         8.89
       1.083     0.900000         3600        10.00
       1.100     0.912500         3651        11.43
       1.114     0.925000         3703        13.33
       1.121     0.937500         3750        16.00
       1.127     0.943750         3780        17.78
       1.133     0.950000         3804        20.00
       1.139     0.956250         3828        22.86
       1.145     0.962500         3850        26.67
       1.150     0.968750         3878        32.00
       1.154     0.971875         3888        35.56
       1.156     0.975000         3900        40.00
       1.159     0.978125         3912        45.71
       1.166     0.981250         3925        53.33
       1.173     0.984375         3940        64.00
       1.175     0.985938         3945        71.11
       1.180     0.987500         3950        80.00
       1.187     0.989062         3957        91.43
       1.193     0.990625         3962       106.67
       1.214     0.992188         3968       128.00
       1.219     0.992969         3971       142.22
       1.223     0.993750         3975       160.00
       1.231     0.994531         3978       182.86
       1.234     0.995313         3981       213.33
       1.238     0.996094         3984       256.00
       1.239     0.996484         3985       284.44
       1.252     0.996875         3987       320.00
       1.256     0.997266         3989       365.71
       1.257     0.997656         3990       426.67
       1.264     0.998047         3992       512.00
       1.264     0.998242         3992       568.89
       1.265     0.998437         3993       640.00
       1.275     0.998633         3994       731.43
       1.281     0.998828         3995       853.33
       1.404     0.999023         3996      1024.00
       1.404     0.999121         3996      1137.78
       1.404     0.999219         3996      1280.00
       2.491     0.999316         3997      1462.86
       2.491     0.999414         3997      1706.67
       4.755     0.999512         3998      2048.00
       4.755     0.999561         3998      2275.56
       4.755     0.999609         3998      2560.00
       4.755     0.999658         3998      2925.71
       4.755     0.999707         3998      3413.33
       6.047     0.999756         3999      4096.00
       6.047     1.000000         3999          inf
#[Mean    =        0.681, StdDeviation   =        0.314]
#[Max     =        6.044, Total count    =         3999]
#[Buckets =           27, SubBuckets     =         2048]
----------------------------------------------------------
  6001 requests in 30.00s, 779.43KB read
Requests/sec:    200.02
Transfer/sec:     25.98KB
