Running 30s test @ http://localhost:8080
  1 threads and 1 connections
  Thread calibration: mean lat.: 0.813ms, rate sampling interval: 10ms
  Thread Stats   Avg      Stdev     Max   +/- Stdev
    Latency   752.85us  373.22us  12.14ms   73.19%
    Req/Sec   211.33     40.38   400.00     87.66%
  Latency Distribution (HdrHistogram - Recorded Latency)
 50.000%  743.00us
 75.000%    1.00ms
 90.000%    1.15ms
 99.000%    1.26ms
 99.900%    3.86ms
 99.990%   12.14ms
 99.999%   12.14ms
100.000%   12.14ms

  Detailed Percentile spectrum:
       Value   Percentile   TotalCount 1/(1-Percentile)

       0.164     0.000000            1         1.00
       0.335     0.100000          403         1.11
       0.436     0.200000          801         1.25
       0.534     0.300000         1200         1.43
       0.659     0.400000         1603         1.67
       0.743     0.500000         2002         2.00
       0.794     0.550000         2203         2.22
       0.850     0.600000         2405         2.50
       0.900     0.650000         2600         2.86
       0.946     0.700000         2804         3.33
       1.002     0.750000         3000         4.00
       1.030     0.775000         3100         4.44
       1.055     0.800000         3200         5.00
       1.083     0.825000         3302         5.71
       1.107     0.850000         3400         6.67
       1.127     0.875000         3500         8.00
       1.137     0.887500         3551         8.89
       1.151     0.900000         3601        10.00
       1.163     0.912500         3652        11.43
       1.175     0.925000         3700        13.33
       1.188     0.937500         3753        16.00
       1.194     0.943750         3776        17.78
       1.203     0.950000         3805        20.00
       1.209     0.956250         3825        22.86
       1.221     0.962500         3851        26.67
       1.229     0.968750         3875        32.00
       1.236     0.971875         3890        35.56
       1.238     0.975000         3900        40.00
       1.241     0.978125         3913        45.71
       1.246     0.981250         3926        53.33
       1.252     0.984375         3937        64.00
       1.259     0.985938         3944        71.11
       1.261     0.987500         3950        80.00
       1.263     0.989062         3956        91.43
       1.272     0.990625         3962       106.67
       1.282     0.992188         3969       128.00
       1.284     0.992969         3973       142.22
       1.287     0.993750         3975       160.00
       1.290     0.994531         3978       182.86
       1.295     0.995313         3981       213.33
       1.317     0.996094         3984       256.00
       1.321     0.996484         3985       284.44
       1.324     0.996875         3987       320.00
       1.353     0.997266         3989       365.71
       1.383     0.997656         3990       426.67
       1.550     0.998047         3992       512.00
       1.550     0.998242         3992       568.89
       1.594     0.998437         3993       640.00
       2.365     0.998633         3994       731.43
       3.861     0.998828         3995       853.33
       3.917     0.999023         3996      1024.00
       3.917     0.999121         3996      1137.78
       3.917     0.999219         3996      1280.00
       4.093     0.999316         3997      1462.86
       4.093     0.999414         3997      1706.67
       7.263     0.999512         3998      2048.00
       7.263     0.999561         3998      2275.56
       7.263     0.999609         3998      2560.00
       7.263     0.999658         3998      2925.71
       7.263     0.999707         3998      3413.33
      12.143     0.999756         3999      4096.00
      12.143     1.000000         3999          inf
#[Mean    =        0.753, StdDeviation   =        0.373]
#[Max     =       12.136, Total count    =         3999]
#[Buckets =           27, SubBuckets     =         2048]
----------------------------------------------------------
  6001 requests in 30.00s, 468.83KB read
Requests/sec:    200.03
Transfer/sec:     15.63KB
